0.01000000	0.63210000	0.07983000
0.01100000	0.66580000	0.07459000
0.01200000	0.69830000	0.07006000
0.01300000	0.72970000	0.06611000
0.01400000	0.76020000	0.06263000
0.01500000	0.78980000	0.05953000
0.01600000	0.81870000	0.05676000
0.01700000	0.84680000	0.05426000
0.01800000	0.87440000	0.05199000
0.02000000	0.92770000	0.04803000
0.02250000	0.99150000	0.04393000
0.02500000	1.05300000	0.04053000
0.02750000	1.11200000	0.03766000
0.03000000	1.16800000	0.03521000
0.03250000	1.22400000	0.03308000
0.03500000	1.27700000	0.03122000
0.03750000	1.32900000	0.02957000
0.04000000	1.38000000	0.02811000
0.04500000	1.47900000	0.02560000
0.05000000	1.57300000	0.02354000
0.05500000	1.66400000	0.02181000
0.06000000	1.75100000	0.02034000
0.06500000	1.83600000	0.01907000
0.07000000	1.91800000	0.01796000
0.08000000	2.07500000	0.01611000
0.09000000	2.22400000	0.01463000
0.10000000	2.36500000	0.01341000
0.11000000	2.49900000	0.01240000
0.12000000	2.62600000	0.01154000
0.13000000	2.74700000	0.01080000
0.14000000	2.86200000	0.01015000
0.15000000	2.97000000	0.00958200
0.16000000	3.07300000	0.00907800
0.17000000	3.17100000	0.00862800
0.18000000	3.26300000	0.00822400
0.20000000	3.43100000	0.00752600
0.22500000	3.61200000	0.00681400
0.25000000	3.76200000	0.00623200
0.27500000	3.88500000	0.00574700
0.30000000	3.98100000	0.00533700
0.32500000	4.05200000	0.00498400
0.35000000	4.10300000	0.00467800
0.37500000	4.13400000	0.00441000
0.40000000	4.14800000	0.00417200
0.45000000	4.13400000	0.00377000
0.50000000	4.07700000	0.00344300
0.55000000	3.99100000	0.00317100
0.60000000	3.88700000	0.00294000
0.65000000	3.77300000	0.00274300
0.70000000	3.65400000	0.00257200
0.80000000	3.41700000	0.00229000
0.90000000	3.19400000	0.00206600
1.00000000	2.99100000	0.00188400
1.10000000	2.81000000	0.00173300
1.20000000	2.64900000	0.00160600
1.30000000	2.50500000	0.00149700
1.40000000	2.37800000	0.00140200
1.50000000	2.26300000	0.00132000
1.60000000	2.16000000	0.00124700
1.70000000	2.06600000	0.00118200
1.80000000	1.98200000	0.00112300
2.00000000	1.83300000	0.00102300
2.25000000	1.67800000	0.00092200
2.50000000	1.55000000	0.00083970
2.75000000	1.44100000	0.00077150
3.00000000	1.34700000	0.00071400
3.25000000	1.26600000	0.00066480
3.50000000	1.19400000	0.00062230
3.75000000	1.13100000	0.00058510
4.00000000	1.07400000	0.00055230
4.50000000	0.97680000	0.00049710
5.00000000	0.89650000	0.00045230
5.50000000	0.82900000	0.00041520
6.00000000	0.77130000	0.00038400
6.50000000	0.72950000	0.00035740
7.00000000	0.68770000	0.00033430
8.00000000	0.61550000	0.00029640
9.00000000	0.55860000	0.00026650
10.00000000	0.51200000	0.00024230
11.00000000	0.47310000	0.00022230
12.00000000	0.44010000	0.00020550
13.00000000	0.41170000	0.00019110
14.00000000	0.38700000	0.00017870
15.00000000	0.36530000	0.00016790
16.00000000	0.34600000	0.00015830
17.00000000	0.32890000	0.00014980
18.00000000	0.31340000	0.00014230
20.00000000	0.28690000	0.00012930
